0.328344
0.0017136
0.0592834
0.0205917
0.266481
0.0659923
0.0554307
0.0182492
0.064396
0.501875
0.101498
0.142891
0.0507418
0.177829
0.37886
0.0207062
0.0146347
0.268818
0.18058
0.209974
0.141756
0.0490255
0.0885863
0.0250962
0.065292
0.166758
0.172486
0.0528806
0.175171
0.0328472
0.0369377
0.16419
0.221225
0.0925942
0.28698
0.123719
0.568697
0.0763261
0.14363
0.193673
0.100945
0.0668816
0.0518999
0.440988
0.175945
0.0785791
0.111836
0.0012391
0.547981
0.159219
0.357894
0.518852
0.0502427
0.068207
0.304604
0.0308817
0.203442
0.0317277
0.120964
0.236298
0.292985
0.183782
0.0930619
0.176469
0.0650613
0.0739358
0.242048
0.0232633
0.217345
0.195401
0.202191
0.206148
0.0011358
0.0051708
0.0171504
0.330878
0.0233353
0.0366467
0.0858261
0.0720308
0.0242754
0.177211
0.0212784
0.200857
0.0306553
0.297704
0.131499
0.315663
0.205785
0.0673958
0.0111507
0.040779
0.178339
0.0693241
0.156116
0.186412
0.0816656
0.0273669
0.0068701
0.0785419
0.0646219
0.0167365
0.227955
0.68696
0.105737
0.03461
0.396698
0.482892
0.105756
0.439921
0.179748
0.0440192
0.270432
0.0116211
0.0082164
0.0951724
0.273649
0.0360183
0.134947
0.250038
0.291109
0.0329468
0.0660906
0.133154
0.0640489
0.155543
0.069516
0.0967521
0.0688605
0.0611687
0.176425
0.0601443
0.333827
0.147803
0.328565
0.196303
0.0743639
0.0713324
0.419943
0.0743531
0.11239
0.153953
0.259708
0.109557
0.0446037
0.111538
0.379141
0.0156336
0.0793627
0.0624624
0.323787
0.085507
0.167515
0.099083
0.223449
0.187421
0.0363446
0.0478088
0.190077
0.0657113
0.0102039
0.137563
0.353629
0.104441
0.0992044
0.377596
0.0302136
0.164622
0.250346
0.241105
0.116612
0.0824834
0.0510061
0.141613
0.197037
0.250894
0.126774
0.0203089
0.128565
0.246905
0.374665
0.113655
0.123176
0.016051
0.245531
0.0721164
0.197563
0.203111
0.29931
0.0082036
0.207721
0.273484
0.0513555
0.35527
0.346749
0.355968
0.375408
0.270651
0.0732432
0.150431
0.251066
0.327647
0.046919
0.111185
0.0743558
0.184576
0.105433
0.131646
0.0536757
0.220986
0.261458
0.0327423
0.134263
0.178819
0.713004
0.074593
0.103884
0.193428
0.329915
0.0283427
0.0520226
0.214008
0.0675494
0.150785
0.0399936
0.171432
0.0071798
0.23341
0.191909
0.0544582
0.0901136
0.057663
0.0282233
0.0827159
0.373248
0.0074873
0.118504
0.177097
0.0289777
0.103683
0.26687
0.146626
0.0985192
0.473503
0.274284
0.179513
0.0355771
0.0325846
0.0489233
0.0977098
0.0039365
0.0098426
0.160053
0.133118
0.151687
0.174557
0.0266376
0.170872
0.0515519
0.2733
0.0363296
0.0889803
0.01457
0.0509855
0.0241568
0.250746
0.0719327
0.0856205
0.237118
0.0828647
0.0707165
0.0219766
0.0352575
0.192245
0.0311668
0.259173
0.239816
0.225606
0.133981
0.0783735
0.225
0.0154024
0.241838
0.14903
0.0252372
0.443503
0.0535969
0.017842
0.0667811
0.258912
0.0173509
0.447619
0.0248323
0.0129443
0.131975
0.152206
0.0858385
0.109441
0.0086545
0.0419817
0.18676
0.167787
0.298833
0.289302
0.042182
0.0468919
0.107347
0.0991155
0.0317966
0.0305381
0.0184666
0.032369
0.0045999
0.397092
0.736638
0.177473
0.309751
0.371404
0.0497059
0.118984
0.120111
0.0365606
0.130578
0.007721
0.250353
0.178642
0.144394
0.133381
0.212495
0.0617763
0.0165622
0.0521408
0.203445
0.0824241
0.09177
0.007803
0.29486
0.068398
0.197139
0.108258
0.405065
0.152653
0.176523
0.493773
0.0814483
0.248793
0.0032889
0.0509253
0.0937852
0.0473897
0.0110068
0.890954
0.0368212
0.338588
0.122349
0.0728528
0.372649
0.0275207
0.304229
0.136994
0.0758695
0.233031
0.283551
0.144344
0.0209262
0.149723
0.379071
0.125574
0.125952
0.373998
0.280649
0.194631
0.121648
0.0629783
0.0460878
0.0528634
0.264622
0.0158848
0.198087
0.606348
0.172379
0.136855
0.0021977
0.429951
0.355944
0.0529503
0.224815
0.150054
0.344332
0.0873679
0.049436
0.0275847
0.0994233
0.339321
0.202163
0.1656
0.248429
0.077041
0.243546
0.147811
0.103301
0.224398
0.0042086
0.378236
0.0258613
0.126697
0.0727426
0.0152736
0.0425137
0.0633989
0.32662
0.194704
0.0368917
0.0342337
0.0164876
0.0980689
0.020722
0.151902
0.0264298
0.235219
0.141039
0.0254368
0.0124602
0.385021
0.269734
0.0117898
0.178234
0.0084701
0.391476
0.10684
0.0350894
0.0686806
0.0545857
0.0040836
0.313683
0.249872
0.137984
0.207546
0.22048
0.0169761
0.003912
0.218618
0.0224364
0.0114864
0.0702769
0.0477476
0.21815
0.19191
0.0428512
0.0550435
0.0229575
0.45284
0.0024758
0.0977
0.429062
0.0629694
0.136636
0.179734
0.207397
0.0294297
0.0324413
0.340105
0.301804
0.364241
0.262078
0.0137138
0.597176
0.0952869
0.345236
0.0115876
0.0407846
0.0802128
0.0709474
0.056448
0.0150151
0.118968
0.198368
0.208928
0.0373146
0.0102149
0.0311919
0.10424
0.172607
0.0024788
0.326686
0.403295
0.384492
0.0674445
0.448358
0.0304671
0.269262
0.118442
0.229287
0.228755
0.0170168
0.357803
0.49764
0.156531
0.0407744
0.230689
0.0188571
0.335327
0.225315
0.0929679
0.462988
0.0080324
0.0128443
0.555555
0.13001
0.413799
0.549965
0.0687264
0.384984
0.156555
0.0225234
0.0515206
0.275087
0.0891359
0.21665
0.0794032
0.311561
0.0095601
0.571465
0.022529
0.10387
0.0409848
0.145761
0.0691658
0.166152
0.248603
0.152271
0.109865
0.386037
0.0647191
0.124383
0.190751
0.12123
0.0763768
0.477064
0.0592725
0.134399
0.0931408
0.159272
0.258948
0.0024261
0.084168
0.108724
0.0722682
0.161861
0.15872
0.0485609
0.0776161
0.285037
0.207543
0.11529
0.335778
0.0274092
0.128026
0.0980859
0.0492949
0.0861696
0.276502
0.363416
0.0826664
0.339122
0.303505
0.200961
0.072651
0.214899
0.166382
0.288351
0.103161
0.280749
0.216363
0.0046313
0.245381
0.313069
0.0857751
0.295397
0.201819
0.226636
0.0770313
0.106634
0.0566602
0.0627165
0.230246
0.288554
0.34611
0.165328
0.0831394
0.0192776
0.0471481
0.212213
0.41259
0.0019632
0.498015
0.0856451
0.0657173
0.0122215
0.034343
0.201445
0.0016743
0.0314395
0.16246
0.396035
0.321047
0.0311197
0.0210128
0.393394
0.318183
0.212541
0.0056065
0.0516642
0.110367
0.244336
0.108938
0.245284
0.0330973
0.25216
0.200251
0.0966216
0.105562
0.401993
0.0910778
0.260874
0.0190751
0.161904
0.257613
0.271955
0.0305632
0.13627
0.12549
0.0538471
0.221875
0.205909
0.118165
0.0691622
0.0774036
0.0257601
0.0287481
0.0357529
0.381017
0.0799325
0.222562
0.0258779
0.0663588
0.392662
0.249463
0.0225631
0.514953
0.286232
0.174459
0.0062572
0.0083958
0.138179
0.0874209
0.153527
0.0404634
0.555271
0.113086
0.0517316
0.163107
0.359662
0.16464
0.051684
0.240993
0.338549
0.116957
0.166368
0.0107612
0.004461
0.0655561
0.0727578
0.0058902
0.0285049
0.12714
0.189599
0.115151
0.454935
0.266363
0.0016375
0.0969533
0.111887
0.285591
0.0718934
0.12044
0.0230734
0.203076
0.103468
0.183776
0.0238584
0.0317298
0.0672127
0.0227885
0.119944
0.188765
0.138136
0.0283176
0.0897648
0.0730501
0.124576
0.217997
0.0782586
0.200369
0.182978
0.576415
0.0087201
0.0205564
0.176534
0.125281
0.0127584
0.109687
0.008022
0.0280189
0.0690476
0.348415
0.0362949
0.0260909
0.108383
0.0892885
0.187137
0.101632
0.220396
0.066438
0.134779
0.100066
0.0899227
0.360661
0.0699997
0.0092197
0.0677802
0.0257616
0.0948603
0.0729678
0.0175262
0.118079
0.122986
0.146539
0.029789
0.105334
0.0177028
0.0537875
0.0036518
0.282764
0.0793658
0.0194311
0.041623
0.0108086
0.0082666
0.0983727
0.126112
0.123721
0.0028674
0.0244927
0.384944
0.188478
0.121472
0.249721
0.108966
0.346821
0.0562209
0.0222938
0.180265
0.355976
0.137814
0.306083
0.0532174
0.0100231
0.271279
0.0206529
0.193129
0.142203
0.0161363
0.187526
0.155063
0.047484
0.0955611
0.203764
0.177249
0.0534615
0.106014
0.301873
0.139693
0.110977
0.0221621
0.0096144
0.404534
0.0177146
0.433458
0.0299535
0.105078
0.233159
0.190472
0.155478
0.1564
0.371138
0.0313005
0.0564327
0.06943
0.229803
0.141738
0.160569
0.122909
0.0290297
0.0035455
0.0984151
0.224114
0.0892202
0.0554275
0.155585
0.0966815
0.0962693
0.0155263
0.0248464
0.222234
0.0922324
0.414604
0.046865
0.108456
0.0465424
0.245542
0.107696
0.31699
0.0796239
0.157795
0.0549641
0.0562352
0.0357443
0.156648
0.0036671
0.0469888
0.144044
0.196766
0.0480654
0.184582
0.15034
0.541722
0.332902
0.278597
0.206052
0.132795
0.113815
0.167238
0.016181
0.011813
0.102781
0.234875
0.0604307
0.121343
0.0179979
0.238755
0.296494
0.47438
0.0183325
0.018078
0.0279366
0.116535
0.580981
0.0210537
0.409237
0.232364
0.72359
0.038711
0.114329
0.183647
0.506194
0.0706795
0.561932
0.0389597
0.205885
0.39469
0.0115442
0.0396847
0.0193674
0.232748
0.0752294
0.0443107
0.292073
0.0142394
0.0435766
0.0552683
0.0064902
0.222367
0.364725
0.0506711
0.404961
0.21818
0.0382788
0.168808
0.169537
0.225014
0.207577
0.0678862
0.188103
0.0307385
0.0147782
0.167448
0.115574
0.0745778
0.0177141
0.0072193
0.121094
0.813501
0.202895
0.231763
0.180136
0.496862
0.153296
0.216535
0.11139
0.161116
0.356099
0.0744684
0.413121
0.166862
0.143577
0.222589
0.129156
0.0367141
0.0272932
0.0530101
0.0275021
0.0191805
0.116333
0.0053583
0.367382
0.102999
0.0715921
0.0091799
0.970578
0.0377925
0.122307
0.287221
0.0544465
0.0996961
0.124554
0.0196932
0.301941
0.551034
0.0273558
0.135086
0.137405
0.0391208
0.137482
0.0947533
0.185792
0.0903743
0.0604512
0.183654
0.399044
0.068308
0.315852
0.241753
0.0534319
0.0739549
0.17063
0.097416
0.0497397
0.0794585
0.535904
0.146848
0.400987
0.0175823
0.10714
0.145735
0.349992
0.0277908
0.332246
0.0118247
0.012975
0.181676
0.159981
0.089339
0.1221
0.134421
0.108117
0.164363
0.0598799
0.0884717
0.0514709
0.072458
0.0295117
0.129331
0.0714107
0.12512
0.112864
0.0481845
0.0449682
0.510328
0.102965
0.0517241
0.396595
0.0691114
0.0095783
0.024089
0.255271
0.0728286
0.0100976
0.0803876
0.140397
