0.0827789
1.6201
0.766176
0.40564
0.431492
0.646326
1.72331
0.013382
3.83124
0.994359
2.50477
0.0904254
0.810218
0.559099
0.723761
0.706704
1.21567
2.5023
0.308181
4.15418
0.971666
0.454718
0.930323
1.05491
0.404976
0.940894
1.98264
3.03826
0.628978
1.11587
0.209423
0.0848979
0.991399
0.827329
1.14058
0.0022493
1.69634
0.0440661
1.391
0.41626
1.16643
1.05413
0.0539335
1.29243
2.2184
0.572568
0.269027
2.74251
1.13279
1.56489
1.22973
0.263282
2.5982
0.0284547
0.517991
0.0299338
0.646644
2.52964
0.507426
0.547917
1.72686
0.153434
0.118392
1.45334
0.224239
0.188072
0.672785
0.0688132
0.0778393
0.31391
0.909215
4.12258
0.349192
0.36129
0.218978
0.937309
0.112868
1.52778
0.36168
0.0103491
0.224898
0.630077
0.168226
1.15646
1.25504
0.538577
0.0806137
0.564113
0.62227
1.3455
0.191692
0.0060086
0.669271
0.271815
0.935711
1.24707
0.354348
0.0908515
0.809071
0.558279
