0.63644
1.14861
2.03252
0.112678
7.52374
1.46879
1.06011
0.638233
2.45112
0.62591
0.132052
4.41901
0.545843
5.80027
0.528038
0.532493
0.882195
1.96286
6.55661
0.503342
3.18153
2.64269
1.72132
11.5785
0.69719
5.60221
0.65478
4.4113
1.77978
2.0837
2.17061
0.738222
13.0534
1.34604
6.91677
2.30149
1.96809
2.85236
5.96588
1.71399
7.48571
0.99654
0.732124
4.20918
0.215585
0.134785
0.205895
0.288538
0.33052
8.15475
2.0247
0.598453
0.833687
0.457908
0.329235
10.1768
3.4232
0.0897587
0.8864
5.81054
6.61548
0.42403
0.843536
6.21514
3.1322
0.495107
1.04248
3.72617
0.660591
0.0959592
0.092672
0.689202
1.11222
0.45515
2.0191
10.1919
1.18239
1.81757
0.0078493
5.67758
3.0764
0.645106
1.87722
4.64138
0.859395
0.357826
0.332141
0.205614
0.0897979
11.2876
3.18111
4.15927
0.622062
7.55134
2.50442
1.51196
3.19472
1.00166
6.17883
3.09184
