18.873
7.81054
6.86938
5.92359
10.1689
4.71839
4.23917
1.0719
11.851
19.4221
0.0330051
8.0665
0.492655
3.81672
6.93619
10.2583
14.5853
81.2744
0.454242
33.0475
12.2261
7.65199
16.1971
3.45128
42.1309
0.898252
5.6674
43.4154
2.13025
1.20825
4.7666
22.4983
17.0698
2.16895
40.7514
4.51833
1.41503
60.207
3.90471
60.3035
9.39477
2.70492
16.8065
4.89603
17.1012
31.2101
2.80554
29.4278
16.5455
2.9458
15.4415
20.1099
9.63466
10.4423
16.2616
12.5647
14.1348
0.11035
0.964215
13.898
32.4462
3.14919
5.70182
8.82237
9.8502
11.3863
19.3631
16.7958
6.62748
3.79201
8.1384
6.40324
5.20174
10.7853
49.3844
6.50022
9.62671
22.231
6.26674
20.2417
39.4412
15.3408
4.16691
1.31613
26.7453
14.994
5.85166
11.4523
1.92747
43.599
0.257568
2.69301
38.0918
6.87254
13.4006
8.34537
13.6652
2.20103
23.6226
0.980567
