0.0004157
0.0001505
0.0005238
0.0003045
0.0002827
0.000513
0.0006564
0.0002579
0.000184
0.0006599
0.000186
0.0007938
0.0006088
0.0004451
0.0002133
0.0002332
0.0003841
0.000799
0.000146
0.0005793
0.0002897
0.0007188
0.0004802
0.0003728
0.0001861
0.0001224
0.0001576
0.0003348
0.0003319
0.000154
0.0002245
0.0003961
0.0003777
0.0008521
0.0001111
0.0009719
0.0006404
0.0001659
0.0003513
0.0001426
0.0010536
0.0007463
0.000615
0.000139
0.0007834
0.0004834
0.0001987
0.0005743
0.0001596
0.0006236
0.0003217
0.0003336
0.0002373
0.0001995
0.0004576
0.0002094
0.0008795
0.00041
0.0001467
0.0001254
0.0001326
9.82e-05
0.0003573
0.0002886
0.0005977
0.0005009
0.000214
0.0010251
0.0003385
0.0001932
0.0006141
0.0003749
0.00012
0.0003424
0.0001248
0.0004221
0.0001841
0.0001038
0.0001388
0.0001309
0.0003777
0.0002659
0.0008094
0.0001264
0.0002317
0.0002675
0.0002434
0.000632
0.0003645
0.000226
0.0002052
0.000127
0.0001434
0.0002476
0.0001514
0.0003548
0.0008577
0.0005185
0.0005237
0.0004149
0.0011345
0.0004034
0.0009295
0.0009614
0.0027064
0.0002757
0.0004019
0.0001681
0.0011556
0.0004451
0.0006623
0.0002013
0.0002135
0.0001666
0.0003174
0.0015722
0.0006231
0.0002389
0.0001453
0.0001664
0.0001382
0.0004644
0.0004843
0.0001629
0.0002124
0.0004403
0.000578
0.0006128
0.0011076
0.0004715
0.0003685
9.93e-05
0.0006416
0.0004011
0.0002916
0.000461
0.0002536
0.0003062
0.000198
0.0003181
0.0012011
0.0004673
0.0001068
0.0001214
0.0003111
0.000419
0.0006805
0.0001986
0.0005839
0.0004029
0.0004545
0.0006292
0.0002326
0.0002312
0.0005539
0.0003433
0.0007916
0.0002725
0.0005031
0.0006182
0.0003406
0.0003113
0.0007455
0.000331
0.0005014
0.0007444
0.000539
0.0003528
0.0002398
0.0005933
0.0002945
8.13e-05
0.0004124
0.0003399
0.0001942
0.0005202
0.0005977
0.0003377
0.0001816
0.0003472
0.0007946
0.0005346
0.0004599
0.000277
0.0006393
0.0001327
0.0001172
0.0001193
0.0003269
0.0001139
9.84e-05
0.0006278
0.0004801
0.0002838
0.0001116
0.0003989
0.0002234
0.0002476
0.0002504
0.0005761
0.0002134
0.0003442
0.0001434
0.0003551
0.0003034
0.0001521
0.0003345
0.0010195
0.0001868
0.0003461
0.0002841
0.0005853
0.0002744
0.0006076
0.0001737
0.0001929
0.0010133
0.0001896
0.0003287
0.0002217
0.0005401
0.0004458
0.0004944
0.0001083
0.0003145
0.0004914
0.000367
0.0003076
0.0006254
0.0002098
0.0004448
0.0005951
0.0001066
0.0001146
0.0001153
0.0004176
0.0002564
0.0001086
0.0005238
0.0003454
0.0001279
0.0006588
0.0006276
0.0001368
0.0004111
0.0002081
0.0002007
0.0004999
0.0003543
0.0003256
8.37e-05
0.0003991
0.0001089
0.0002526
0.0004566
0.0004859
0.0004436
0.0003992
0.0005965
0.0003709
0.0003649
0.0003067
0.0004639
0.0001342
0.0008122
0.0001183
0.0001937
0.0003557
0.0001525
0.0004614
0.0001851
0.0009239
0.0002734
0.0001249
0.0002981
0.0005657
0.0010046
0.0001687
0.00091
0.0004445
0.0005072
0.0006867
0.0002436
0.0001895
0.0004551
0.0001245
0.0007214
0.000382
0.0002255
0.0001246
0.0001676
0.0002123
0.0003007
0.0004666
0.0001686
0.0006714
0.0005121
0.0002997
0.0013031
0.0003135
0.000392
0.0008745
0.0001855
0.0005436
0.0001187
0.0005623
0.0008296
0.0001738
0.0001421
0.000129
0.000501
0.0001667
0.0001907
0.0008395
0.0003045
0.0003601
0.0004715
0.0004992
0.0002299
0.0002472
0.0003933
0.0003273
0.0002137
0.000558
0.000197
0.0002353
0.0001251
0.0001214
0.0001194
0.0001699
0.0002718
0.0007037
0.0004338
0.0002088
0.0003753
0.0002216
0.0004687
0.0001142
0.0004772
0.0001554
0.0004433
0.0004274
0.0004129
0.0009152
0.0001813
0.0001964
0.0001361
0.0005726
0.0001487
0.0001762
0.0007259
0.0009398
0.0003919
0.0002575
0.0003826
0.00012
0.0003949
9.44e-05
0.0005364
0.0002783
0.000212
0.0003318
0.000471
0.0006935
0.0002031
0.000174
0.0003983
0.0002283
0.000299
0.0002349
0.0001462
0.0003536
0.0001376
0.0001817
0.0005469
0.000198
0.0002095
0.0011531
0.0006388
0.000855
0.0005162
0.0001249
0.0007555
0.0001627
0.0007766
0.0006205
0.0003162
0.0002483
0.0003249
0.0010242
0.0001822
0.0002573
0.0001981
0.0002909
0.000317
0.0006672
0.0003771
0.0001307
0.0005256
0.0003619
0.0003079
0.0003238
0.0001111
0.000172
0.0002149
0.0004216
0.0004966
0.0008948
0.0004667
0.0004576
0.0003415
0.0006197
0.0004551
0.0001495
0.0001789
0.00017
0.0003025
0.0001264
0.0002249
0.0004206
0.0001066
0.0002585
0.0006437
0.000651
0.0001676
0.0006185
0.0001708
0.0003365
0.0003302
0.0001344
0.0002542
0.0002599
0.0001929
0.0002432
0.0005235
9.33e-05
0.0001343
0.00068
0.0002887
0.0001411
0.0001741
0.0003157
0.0003051
0.0001598
0.0001483
0.0010722
0.0003634
0.0001707
0.0001526
0.0002591
0.0010756
0.0002481
0.0001476
0.0003056
0.0003312
0.0006316
0.000267
0.0002542
0.0001114
0.0005454
0.0005172
0.0004827
0.0005188
0.0005768
0.0002144
0.0004703
0.0001667
0.0002996
0.0001068
0.0003462
0.0003171
0.0001597
0.0003752
0.0002759
0.00015
0.0003009
0.000478
0.0004966
0.0001901
0.0006753
0.0004619
0.0001198
0.0002874
0.0003856
0.0001857
0.0001256
0.0005401
0.0009077
0.0002531
0.0001488
0.0002909
0.0003002
0.0002655
0.0001348
0.0002431
0.0007806
0.0001202
0.0001285
0.0001447
0.0002713
0.0001817
0.0002647
0.0003867
0.0005304
0.000553
0.0005538
0.0001491
0.0003001
0.0002541
0.0003064
0.0004912
0.0004825
0.0001906
0.0003734
0.0001656
0.0004012
0.0001115
0.0001227
0.0005094
0.0005941
0.0001328
0.0004516
0.0002248
0.0001481
0.0001658
0.0001587
0.0001933
0.0003281
0.0002946
0.0008154
0.0004918
0.0006039
0.0011126
0.0001229
0.0003746
0.0004231
0.0005119
0.0003028
0.0004346
0.0002893
0.0001798
0.0005126
0.0005433
0.0002915
9.83e-05
0.0001379
0.0005125
0.0006024
0.0007932
0.000434
0.000336
0.0004796
0.000817
0.0002442
0.0002037
0.0005263
0.0001221
0.0001956
0.0007107
0.000228
0.0004639
0.000432
0.0002525
0.0001705
0.000246
0.0001271
0.0002731
0.0001981
0.0003605
0.0001162
0.0001552
0.0006909
0.0006145
0.0004973
0.0004196
0.0001434
9.72e-05
0.000331
0.0001144
0.0001953
0.0001054
0.0004435
0.0006108
0.0002948
0.0010206
0.0001404
0.0001678
0.0001242
0.0001397
0.0001385
0.0001695
0.0002794
0.0002317
0.0001792
0.0001191
0.0002649
0.0001173
0.0001765
0.0001055
0.0002145
0.0002829
0.0003606
0.0003068
0.0001271
0.0005671
0.0002716
0.0003925
0.0003238
0.0009304
0.000902
0.0001602
0.0002802
0.0002634
0.0001691
0.0002862
0.0004149
0.0003205
0.0004
0.0001469
0.0005703
0.0003499
0.0003085
0.0003392
0.0005705
0.0001841
0.000181
0.0009616
0.0004165
0.0004585
0.0005706
0.0004828
0.0001931
0.0001493
0.0003271
0.0003105
0.0004437
0.0003283
0.0004401
0.0002336
0.0005878
0.0001452
0.0003661
0.0002027
0.0007106
0.0001181
0.0001173
0.000516
0.0002649
0.0003461
0.0003969
0.0003016
0.0001014
0.0003907
0.0001873
0.0004813
0.0002272
0.0001102
0.0002338
0.0006717
0.000259
0.0007404
0.0002379
0.0001157
0.0001993
0.0004808
0.000322
0.0002896
0.0001008
0.0002123
0.0001305
0.0001451
0.0002494
0.0007741
0.0005332
0.0001449
0.0004613
0.0001116
0.0004645
0.0002218
0.0002484
0.0003621
0.0004673
0.0003559
9.52e-05
0.0001834
0.0001159
0.0006941
0.0002842
0.000301
0.000354
0.0003443
0.0003447
0.0005103
0.0002
0.0004449
0.0003267
0.000384
0.0002732
0.0005648
0.0004234
0.0006333
0.0001095
0.0001036
0.0006621
0.0001645
0.0003756
0.0001053
0.000449
0.0002485
0.000219
0.0001626
0.0003427
0.0002387
0.0003725
0.0001658
0.0002243
0.0003004
0.000276
0.0005367
0.0001899
0.0003057
0.0004973
0.0001582
0.0001528
0.0002245
0.0004115
0.0011461
0.000339
0.00023
0.0003921
0.0002196
0.0004885
0.0002441
0.0004347
0.0005732
0.0001131
0.0001691
0.0005129
0.0003073
0.0001688
0.0001414
0.0003474
0.0001191
0.0005227
0.0003074
0.0002501
0.000278
0.0002298
0.0001362
0.0001261
0.0005086
0.0009782
0.0002847
0.0001607
0.0005636
0.0004317
0.0003276
0.0003691
0.0005341
0.0001033
0.0001062
0.0002596
0.000505
0.0002541
0.0006094
0.0006985
0.0001398
0.0001416
0.0003721
0.0002865
0.0001265
0.0004076
0.0005618
0.0001792
0.0003923
0.0003029
0.0005539
0.0003706
0.0006795
0.0002345
0.0001706
0.0001345
0.0005383
0.0002103
0.0001103
0.0003764
0.0004034
0.0002053
0.0006103
0.000304
0.0008345
0.0002272
0.0004608
0.0002454
0.0002584
0.0004308
0.000646
0.0002044
0.0002126
0.0004445
0.0001086
0.0001337
0.0002116
0.0004876
0.0003466
0.0003486
0.0003278
0.0005171
0.00048
0.0002242
0.0001332
0.0002439
0.0001539
0.0005038
0.0001207
0.000307
0.0002762
0.0008337
0.00049
0.0004679
9.81e-05
0.0001999
0.0002604
0.0006705
0.0002044
0.0003266
0.0003122
0.0008033
0.0001775
0.000501
0.0001332
0.0005443
0.0003187
0.0001211
0.0002857
0.0007143
0.0003288
0.0001153
0.0002768
0.0002115
0.0004075
0.0001488
0.0003662
0.0001461
0.000113
0.0007304
0.0001671
0.0003206
0.0002346
0.0004121
0.0003984
0.0005376
0.0006172
0.0001266
0.0002289
0.0003165
0.0001137
0.0004015
0.0010762
0.000409
0.0010899
0.0002072
0.0004868
0.0001855
0.0005003
0.0005515
0.0006313
0.0004061
0.0003998
0.0001214
0.000117
0.0003764
0.000297
0.0005045
0.0002724
0.0001472
0.0004404
0.0005772
0.0004015
0.0004499
0.0003514
0.0004359
0.0005177
0.0003943
0.0003899
0.0003265
0.0003294
0.0004477
0.0001175
0.0006315
0.0001561
0.0006093
0.0002394
0.0006037
0.0002936
0.0001116
0.0002447
0.0003513
0.0007498
0.0002106
0.0003138
0.0003754
0.0001087
0.0001295
0.0006545
0.0003865
0.000117
0.0006649
0.0002527
0.0002836
0.0006094
0.0002633
0.0003355
0.0001095
0.0004174
0.0005976
0.0002555
0.0002631
0.0001141
0.0004621
0.0002456
0.0006276
0.0001897
0.0005085
0.000237
0.0013542
0.0006988
0.000308
0.0005474
0.0001104
0.0011587
0.000566
0.0001147
0.0002915
0.0001482
0.0003484
0.0007787
0.0004758
0.000169
0.0002525
0.000577
0.0001145
0.0006664
0.0002147
0.0005145
0.0002115
0.0007164
0.0003673
0.0001414
0.0001645
0.000463
0.0003391
0.0002306
0.0001389
0.0005732
0.0003002
0.0006336
0.0005829
0.0002593
0.0003591
0.0001153
0.0003668
0.0005434
0.0002961
0.0001929
0.0002352
0.0004244
0.0006309
0.0006003
0.0006136
0.0005537
0.0014692
0.000377
0.0004339
0.0005621
0.000794
0.0004123
0.0003926
9.75e-05
0.0004103
0.0008859
0.0003157
0.0009064
0.0008344
0.0004394
0.0006593
0.000161
0.0001405
0.0002651
0.0002475
0.001033
0.0005746
0.0005137
0.000495
0.0001229
0.0009688
0.000866
0.0002089
0.0001222
0.0002864
