79.4116
43.4563
157.756
14.1151
48.828
18.1606
44.6047
39.954
27.5508
41.9071
39.5214
359.471
31.3511
101.932
79.4511
344.967
29.0469
123.265
189.004
68.5209
368.6
50.8298
71.4668
3.06617
12.0144
15.1448
94.8489
41.288
15.3173
30.5995
8.00949
7.86596
24.3438
95.5084
6.25912
0.0962439
22.3968
69.4617
44.0092
8.83095
46.0121
59.6806
17.5774
36.2329
79.2527
72.036
12.1208
91.3219
0.852136
20.3078
22.2618
188.753
223.299
22.5056
56.6455
37.0671
42.9108
156.679
2.14549
51.2998
135.662
59.0352
49.2454
11.0788
0.149413
35.9808
12.4985
2.86388
24.6639
101.816
30.407
18.0445
44.1668
129.733
156.058
5.13712
42.1039
51.8738
126.637
20.0473
26.317
73.0116
27.5578
4.36157
45.0104
5.01013
171.023
112.81
79.289
254.316
31.6727
41.8245
56.8776
84.1366
62.8567
233.89
3.01099
38.8995
36.8196
148.098
