0.0061768
0.0011525
0.0055473
0.0132418
0.0025388
0.0080312
0.0026544
0.0085275
0.0049523
0.0003119
0.0036737
0.0016099
0.0093467
0.0041895
0.0061285
0.0004935
0.0057363
0.0073904
0.0010255
0.006642
0.0024125
0.0006265
0.0025781
0.0033369
0.0004354
0.0021472
0.0017402
0.0129225
0.0062802
0.0041484
0.004122
0.0103454
0.0079543
0.0061206
0.0063496
0.0084802
0.0029441
0.0069577
0.0034489
0.0037369
0.0037164
0.0014171
0.0047216
0.0097604
0.0004324
0.0007989
0.0056379
0.00061
0.0044679
0.0022122
0.0023185
0.0076127
0.0025438
0.0041976
0.0018904
0.0045368
0.0016876
0.0014959
0.0014059
0.0040272
0.0010776
0.0058583
0.0035724
0.0013227
0.0052519
0.0015659
0.0013134
0.0007806
0.0029154
0.0028509
0.0077058
0.0105645
0.0064287
0.004317
0.0073395
0.0049736
0.0130364
0.0042064
0.0046143
0.0042175
0.0024435
0.007261
0.0092855
0.0027185
0.0003381
0.0065792
0.0055868
0.003565
0.0012617
0.0032759
0.0017394
0.0010787
0.0011816
0.0003044
0.0018969
0.0020178
0.0014402
0.0033583
0.0022345
0.0006219
0.002436
0.0031218
0.0021539
0.004573
0.0005512
0.0047488
0.0033332
0.0009147
0.0091536
0.0075589
0.0008048
0.0030698
0.0054862
0.0021527
0.0009364
0.0009057
0.006893
0.0013196
0.011474
0.0020874
0.0005428
0.0009296
0.0090014
0.0110753
0.0055359
0.0073764
0.0141002
0.0096489
0.002619
0.00818
0.0049129
0.0052811
0.0110428
0.0011247
0.0112829
0.0040584
0.0029555
0.0029318
0.0022457
0.0076579
0.0005162
0.0113272
0.0043094
0.0072899
0.0052382
0.0022149
0.0036338
0.0003958
0.0054485
0.0023879
0.0018357
0.0047486
0.0052063
0.0003478
0.0020673
0.0019625
0.0043208
0.0009708
0.0031907
0.0065142
0.0004119
0.0031348
0.0004584
0.0047583
0.0026249
0.0008149
0.0011877
0.0046007
0.002714
0.0017005
0.0025624
0.0045704
0.0013534
0.0081412
0.0006548
0.0019274
0.0061036
0.0014618
0.000847
0.0051828
0.0009455
0.0061784
0.00204
0.0058487
0.006501
0.0007825
0.0072064
0.0015554
0.0042809
0.0007907
0.0094839
0.0023432
0.0059292
0.0003905
0.0063721
0.0048434
0.0103742
0.0021086
0.0006376
0.0005591
0.0107827
0.0160848
0.0075243
0.0074567
0.0075061
0.0004211
0.0033442
0.0019586
0.0109065
0.0014685
0.0101703
0.0028384
0.0030441
0.0042345
0.0014046
0.008873
0.0057451
0.0013389
0.0004866
0.0022729
0.004098
0.0081755
0.0021433
0.0036115
0.0052267
0.0069378
0.0091649
0.0010553
0.0088583
0.0020861
0.0010575
0.0003385
0.0030307
0.0004171
0.0035939
0.005155
0.0008809
0.0015735
0.0017882
0.0011062
0.0012349
0.0014198
0.0006479
0.0008047
0.0050132
0.0060562
0.0124055
0.0016805
0.0031286
0.0102911
0.0045298
0.0021032
0.0094343
0.002214
0.0024056
0.0024043
0.0111441
0.0029227
0.0046497
0.0021446
0.0006206
0.0082811
0.0038382
0.0016371
0.0028395
0.0005277
0.007514
0.0157375
0.0071073
0.0010767
0.0132424
0.0024519
0.0048738
0.0029667
0.0098301
0.0031843
0.0084117
0.0062969
0.0044034
0.0045065
0.007765
0.0128848
0.0216662
0.0113412
0.0087103
0.0112485
0.0014445
0.0187614
0.0042012
0.0101122
0.0005441
0.0008951
0.0060719
0.0114776
0.001507
0.0194113
0.0133353
0.0061552
0.0118078
0.0027756
0.0156273
0.0183086
0.0023104
0.00457
0.0133883
0.0029597
0.0172995
0.0040171
0.0009416
0.0085363
0.0052226
0.0054149
0.0013038
0.0005182
0.0060721
0.0034115
0.0056753
0.0117076
0.0007277
0.0086585
0.0010063
0.0015597
0.0078354
0.0055381
0.0102663
0.0096321
0.0065172
0.0093611
0.0073551
0.0176758
0.0028318
0.0082064
0.0080599
0.0037799
0.0048886
0.0026476
0.0037827
0.0126009
0.0096207
0.0048176
0.0005949
0.013314
0.0039575
0.007092
0.0127396
0.0009735
0.0016022
0.024159
0.0117184
0.0124286
0.0051364
0.0016033
0.0089764
0.0018532
0.0027192
0.0215493
0.0267823
0.01221
0.0194987
0.0104569
0.0022182
0.003822
0.0036185
0.008326
0.0007573
0.031681
0.0008147
0.0186314
0.0043827
0.008103
0.0025314
0.0032873
0.0038551
0.0026638
0.030706
0.0067653
0.0064257
0.0049148
0.0029364
0.0028197
0.003573
0.0034197
0.0086201
0.0135329
0.0039884
0.0094512
0.0010075
0.0014812
0.0008431
0.0076401
0.0022861
0.0020033
0.0080515
0.0028692
0.0075893
0.0095632
0.0136962
0.0025331
0.0113215
0.0053249
0.0080522
0.0165206
0.0044848
0.0040761
0.007787
0.0023611
0.0117928
0.0167715
0.0012511
0.0175386
0.0207323
0.013905
0.0130246
0.0019834
0.0005469
0.0056607
0.005041
0.0079101
0.0055714
0.009056
0.0052511
0.0120243
0.0057438
0.0031459
0.0055688
0.0008716
0.0093417
0.0032287
0.0025233
0.0118241
0.0084607
0.0013784
0.0047548
0.0102731
0.0035113
0.0043998
0.0109836
0.0025879
0.0077415
0.0142237
0.0031325
0.006816
0.0086739
0.0081502
0.0032616
0.0009048
0.0111889
0.0039445
0.0046951
0.0127519
0.0096937
0.0029749
0.000629
0.0021258
0.0032975
0.0099505
0.0037216
0.0043632
0.0165361
0.0082339
0.0054477
0.0010984
0.0050972
0.0054282
0.0006666
0.0068708
0.0101997
0.0066876
0.0103432
0.0209745
0.0049215
0.0101472
0.0039289
0.0028574
0.000689
0.0049422
0.0089072
0.0042154
0.0025829
0.0022205
0.010224
0.0056837
0.0078291
0.0156013
0.0120967
0.0130687
0.0052464
0.010797
0.0041156
0.0076426
0.0027739
0.0064871
0.00893
0.0187817
0.003218
0.0052303
0.0062853
0.0098547
0.0033193
0.0024832
0.0050774
0.0053264
0.0039476
0.0022931
0.0074037
0.0076796
0.0058276
0.0083224
0.0083933
0.0020529
0.0232513
0.0017991
0.002929
0.0052158
0.001786
0.0028185
0.0044854
0.0022293
0.0029376
0.0036787
0.001401
0.0039859
0.0030784
0.0033846
0.0047625
0.0023832
0.0011579
0.0072005
0.0075057
0.0034123
0.0036123
0.0115926
0.0115708
0.0099502
0.0010764
0.0016152
0.0041865
0.0010356
0.0017629
0.0038359
0.0067178
0.0022327
0.021946
0.0016195
0.0034462
0.0021202
0.0069539
0.0016859
0.0108893
0.0114878
0.0165209
0.010675
0.0005875
0.0041269
0.0081418
0.0090068
0.0079444
0.0013552
0.0054844
0.014733
0.0063305
0.0013909
0.0008313
0.0071885
0.0028496
0.0035781
0.0035163
0.0030028
0.0021638
0.0094925
0.0177051
0.0064728
0.0016654
0.0061118
0.0122505
0.0102334
0.0160927
0.0041792
0.0141042
0.0045886
0.0099391
0.0105353
0.0100921
0.0037164
0.0037244
0.0020168
0.0073102
0.004669
0.0038045
0.002759
0.0047289
0.0030363
0.0228329
0.0095665
0.0073857
0.0017011
0.0010424
0.0033123
0.0011056
0.0037652
0.0018341
0.0062121
0.0081997
0.0032907
0.0065866
0.0030787
0.0028942
0.0076129
0.0107728
0.0013398
0.0043196
0.0021115
0.0010147
0.000658
0.0167945
0.0049932
0.0140249
0.0098743
0.0040776
0.002229
0.0004834
0.0050061
0.0041158
0.0020294
0.0322495
0.0145372
0.0097632
0.0065544
0.0028911
0.0062132
0.0058134
0.0034577
0.0010836
0.0067133
0.0056129
0.0214545
0.0093648
0.0134012
0.012232
0.0018439
0.0092402
0.0107599
0.0056512
0.0011725
0.0011837
0.0035207
0.0104887
0.0074947
0.0073989
0.0053627
0.0112566
0.0057103
0.0262709
0.0077634
0.0110583
0.011879
0.0084242
0.0078737
0.0081994
0.0048434
0.0065967
0.0032159
0.0018176
0.0073026
0.0003666
0.0066749
0.0081316
0.0146921
0.0128413
0.0063837
0.0032449
0.0034153
0.0012947
0.0022793
0.0100739
0.0131815
0.003684
0.0049881
0.0012431
0.0056917
0.0003795
0.008027
0.008324
0.0124262
0.0024256
0.0042577
0.0033825
0.0031857
0.0044929
0.0015216
0.0037288
0.0169646
0.0141342
0.0030449
0.0119118
0.0015182
0.0012114
0.0077841
0.0051289
0.0066594
0.0158658
0.0174001
0.0032062
0.0121023
0.0029791
0.0017651
0.0047696
0.0055702
0.0200636
0.0032221
0.0037648
0.0072366
0.0101639
0.0055773
0.0056144
0.0028444
0.0004768
0.0035641
0.0089128
0.001841
0.0041256
0.0106945
0.0046159
0.0034025
0.0017186
0.0059769
0.0061502
0.0009674
0.0032276
0.0058118
0.0026872
0.0008663
0.0016916
0.0035904
0.0080033
0.0045909
0.0012872
0.0105169
0.00404
0.0137201
0.001334
0.0028086
0.0058009
0.0083056
0.0085412
0.0134753
0.0007795
0.0045732
0.0009915
0.0064304
0.0120136
0.0062649
0.0105843
0.002278
0.0005948
0.0034435
0.0065373
0.0110493
0.0106802
0.003424
0.0065762
0.0022415
0.0145551
0.0007805
0.0031702
0.0101875
0.0095041
0.0005184
0.0032612
0.0150472
0.0011243
0.0067346
0.0085516
0.012219
0.0068545
0.0044268
0.0082148
0.0035204
0.0029854
0.0032261
0.0021216
0.0006866
0.0004344
0.0029352
0.0016448
0.0018906
0.0104383
0.0008562
0.001864
0.0081852
0.0101388
0.0104293
0.001264
0.0051445
0.0080537
0.0033563
0.0023865
0.0051196
0.0039445
0.0150961
0.003229
0.0031179
0.0052266
0.0039925
0.011808
0.0129839
0.0077883
0.0079049
0.0107533
0.0087383
0.0089093
0.0100095
0.0335365
0.003658
0.0006974
0.0084917
0.0021819
0.0153437
0.0019815
0.0098295
0.0054066
0.0061981
0.0335793
0.0050147
0.0077119
0.0109377
0.0050814
0.0152125
0.0080518
0.0007728
0.0044514
0.0054334
0.0110919
0.010407
0.0063754
0.0046632
0.0026583
0.0066378
0.0120461
0.0098816
0.0067723
0.0005105
0.0116565
0.0059733
0.0027916
0.0084168
0.0057036
0.0060826
0.0010955
0.0042476
0.0194249
0.0062215
0.0003096
0.0060498
0.015253
0.0082901
0.0042469
0.0048898
0.0014668
0.009012
0.0043947
0.0091958
0.0110536
0.0013477
0.0082345
0.0046813
0.0026035
0.0134247
0.0011406
0.0011955
0.0145567
0.0014319
0.0028186
0.0011634
0.0022481
0.0036703
0.0042071
0.0065757
0.0081737
0.0106421
0.0028146
0.0211882
0.007663
0.0070413
0.0064824
0.0114789
0.0055492
0.005871
0.0046809
0.0030377
0.0080591
0.0041451
0.0025717
0.0145493
0.0012291
0.013262
0.0083964
0.0069167
0.0038484
0.0041609
0.0247139
0.0011166
0.001296
0.0053384
0.0025306
0.0039576
0.0028886
0.0006569
0.0110878
0.0147608
0.002233
0.0059332
0.001408
0.0056114
0.0075696
0.0020246
0.0044808
0.0127553
0.0014806
0.0007327
0.0086211
0.0086123
0.0060089
0.0112802
0.0013839
0.0040562
0.0081576
0.0033682
0.0006223
0.0089234
0.0025565
0.008168
0.0081581
0.0011336
0.001622
0.0013239
0.0064906
0.008541
0.0053222
0.0032741
0.0023137
0.026022
0.0138418
0.0228816
0.0034217
0.0207497
0.006556
0.0103004
0.0004294
0.010089
0.0145197
0.0006282
0.003624
0.0093444
0.0096435
0.0108401
0.0024154
0.0043493
0.0189535
0.0159717
0.0044981
0.0027136
0.0003946
0.0019391
0.0006111
0.007939
0.0031092
0.0011349
0.0092958
0.012239
0.0011528
0.004416
0.0079814
0.0093363
0.0008366
0.0045471
0.0086557
0.0043099
0.0019672
0.0033285
0.0067467
0.0226592
0.0048812
0.0039563
0.0214221
0.0043141
0.020923
0.0009159
0.0205965
0.0092014
0.0114061
0.0028423
0.0019388
0.0066608
0.0057515
0.0067595
0.0138314
0.0174602
0.0195613
0.0099135
