0.0601484
0.01196
0.0150793
0.0136921
0.0015547
0.0018302
0.0468522
0.0372148
0.0013681
0.0696422
0.0635136
0.0524024
0.0712468
0.0900298
0.0185215
0.0026784
0.0268688
0.0133525
0.0010291
0.0286389
0.0378592
0.0325709
0.0264666
0.030323
0.059582
0.0016662
0.0383236
0.0024714
0.0515805
0.0168341
0.0037353
0.0492324
0.0157786
0.0141881
0.0169233
0.049926
0.0490408
0.0415639
0.0020921
0.0660884
0.0258863
0.0161661
0.0133341
0.0355594
0.016147
0.0061896
0.007566
0.0586476
0.0109306
0.0091602
0.0127146
0.0392293
0.003651
0.0391961
0.0637103
0.0375268
0.0552392
0.0898606
0.0595733
0.0303588
0.0120824
0.0092804
0.0283294
0.136141
0.116357
0.0214229
0.101787
0.0134286
0.0589003
0.0249532
0.0532652
0.0130887
0.0199358
0.0247292
0.0758087
0.0177131
0.0432356
0.0051859
0.0939634
0.0153132
0.0393392
0.0676151
0.0274018
0.0607452
0.0711194
0.0292856
0.0118133
0.0345337
0.0344568
0.0069108
0.0492621
0.0485449
0.0195465
0.0753335
0.0297152
0.0155845
0.166993
0.0032964
0.163236
0.0425154
