20.2333
57.7564
14.5378
12.0479
22.0468
12.1946
59.4202
23.2926
39.8321
15.5156
29.5388
35.575
78.9195
55.5616
24.2499
29.1567
39.8342
19.5845
11.9819
18.1237
26.877
26.6516
24.0371
30.9263
9.18173
27.914
59.0857
28.8523
76.6088
27.3149
27.1616
20.0756
37.0962
25.9839
25.47
25.9233
8.60464
173.712
22.1606
9.21874
24.4652
43.7297
52.1308
50.7747
54.5679
33.221
93.0644
16.8317
96.8514
58.6745
40.4319
33.0662
55.6033
30.3933
16.2389
50.8888
52.2469
41.1395
11.9072
61.6679
23.5997
19.0267
56.0297
40.5854
57.3964
45.9837
45.6081
37.362
37.5311
31.0662
40.777
40.4477
40.3035
26.327
51.2231
16.5197
47.8052
51.0747
63.3698
38.118
54.637
114.53
61.2597
20.325
27.3741
7.01921
11.2146
36.9455
15.0174
37.0261
21.209
19.2618
25.5424
28.1423
35.3319
16.3339
31.6423
17.9205
14.3002
14.2494
