5.02133
5.28097
7.20993
4.28373
10.2436
3.71957
11.2168
8.00197
3.22647
4.97126
33.9862
2.45621
6.30189
8.06146
4.98161
10.3189
4.35472
3.63474
4.63468
4.87259
4.40628
9.29472
6.1216
7.44343
6.32899
2.41292
7.67324
4.36395
4.49941
4.22729
3.60624
3.34641
9.05106
5.33375
4.49434
11.4868
6.90535
6.1897
1.27612
6.86235
4.29653
7.82063
5.68609
5.36265
2.93478
3.74135
6.15605
4.40739
4.94014
2.86312
4.30434
13.2683
3.9306
13.724
3.37911
4.98599
3.19714
8.02957
3.95412
5.40973
8.10097
7.31486
8.47852
4.03135
6.6852
4.86624
2.79572
4.11819
6.84298
8.56232
18.1683
2.49954
2.54247
3.55872
5.88506
4.01397
2.34915
4.21356
2.27834
7.68714
4.14544
16.0095
3.82323
19.2594
9.79726
2.7046
8.88345
8.86869
3.12842
5.00472
4.66823
7.32778
8.62294
11.4041
3.18218
3.27345
3.49381
11.0302
8.63855
10.6814
