0.396901
0.425675
0.32188
0.451045
0.338045
0.704555
0.575843
0.481048
0.543446
0.613735
0.46094
0.787065
0.591207
0.625982
0.610814
0.475507
0.474121
0.528304
0.465334
0.647642
0.408087
0.520264
0.316276
1.11146
0.420179
0.388775
0.405262
0.408202
0.60873
0.455964
0.502316
0.794587
0.510197
0.817922
0.482364
0.64697
0.270259
0.481839
0.596475
0.405022
1.1096
0.350939
0.380935
0.371833
0.537165
0.618632
0.190805
0.435671
0.570705
0.430357
0.181451
0.489814
0.349538
0.295973
0.284154
0.485144
0.413923
0.800602
0.299476
0.324747
0.413058
0.489953
0.388263
0.489113
0.649557
0.684758
0.199953
0.574254
0.892749
0.492105
0.623198
0.63017
0.261923
0.448337
0.365911
0.409363
0.357752
0.650106
0.199874
0.784385
0.359127
0.918617
0.204276
0.386434
0.394748
1.0208
0.930364
0.24315
0.856352
0.33463
1.35617
0.526751
0.398315
0.458019
0.765192
0.469249
0.541579
0.366406
0.566734
0.418581
0.453493
0.541498
0.519401
0.486541
0.78871
0.485139
0.331737
0.617773
0.714211
0.718448
0.552689
0.4637
0.494086
0.521283
0.875414
0.451611
0.313416
0.369775
0.271342
0.6269
0.533558
0.779564
0.989648
0.248453
0.646489
0.735734
0.477249
0.627149
0.747
0.870021
0.200198
0.649836
0.500845
0.384213
0.278503
0.365362
0.758443
0.292199
0.422051
0.41838
0.559998
0.52804
0.622564
0.83141
0.626167
0.692081
0.416629
0.269403
0.797049
0.400049
0.224694
0.201231
0.320399
0.803959
0.377007
0.754645
0.456582
1.25489
0.544427
0.329746
0.706402
0.404612
1.55552
0.774481
0.994348
0.887309
0.419703
0.535936
0.456327
0.259022
0.658877
0.269984
1.10203
0.449653
0.426698
0.461533
0.654017
0.477198
0.287548
0.38573
0.521713
0.403127
0.714559
0.28201
0.566078
0.997639
0.60774
0.805412
0.621861
0.509959
0.355911
0.675717
0.284178
0.474282
0.430528
0.669404
0.701128
0.429499
0.413775
0.889297
0.379548
0.439243
0.429773
0.23444
1.00126
0.320953
0.405312
0.890033
0.94093
0.435152
0.889013
0.48217
0.480575
0.674251
0.279519
0.973817
0.631483
0.409722
0.36679
0.644786
0.466541
0.285073
0.227744
0.395915
0.924109
0.511609
0.732038
0.616563
0.167189
0.371637
0.796243
0.531622
0.314696
0.324539
0.414359
0.504741
0.414187
0.434061
0.623504
0.57307
0.390643
0.462988
0.822249
0.297405
0.606579
0.408919
0.45534
0.354733
0.365195
0.390747
0.953081
0.453582
0.391371
1.08965
0.633977
0.550334
0.502034
0.531322
0.272873
0.45441
0.358912
0.683905
0.316828
0.331907
0.708747
0.496674
0.722222
0.356063
0.454991
0.525849
0.977936
0.558252
0.532421
0.666856
0.443943
0.564268
0.479399
0.575571
0.505036
0.565506
0.265098
0.842855
0.389686
0.563048
0.441154
1.14191
0.595911
0.501105
0.336486
0.426365
0.363391
0.467144
0.984844
0.573631
0.905278
0.688865
0.404339
0.357991
0.283584
0.816742
0.364718
0.52543
0.617282
0.319083
0.586498
1.00281
0.265854
0.488885
0.546809
0.471767
0.437102
0.386886
0.527583
0.377407
0.211134
0.421313
0.614073
0.468492
0.485395
0.59962
0.490194
0.80484
0.393402
0.557993
0.235184
0.276993
0.178058
0.4534
0.239149
0.548088
0.789257
0.370392
0.481801
0.828347
1.39986
0.465666
0.797594
0.492308
0.48334
0.690514
0.696292
0.492068
0.346307
1.02285
0.800217
0.611137
0.367657
0.479458
0.970143
0.446114
0.885491
1.30595
0.518914
1.09498
0.446151
1.14254
0.508514
0.655488
0.752716
0.429349
1.07224
0.474872
0.772901
0.657216
0.70419
0.885168
0.646481
0.394058
0.536819
0.558018
0.686402
0.389558
0.318664
0.744084
1.07399
0.637083
0.64244
0.457206
0.715769
0.684692
0.532524
0.40789
0.337891
0.703171
1.12963
0.849634
0.781578
0.430929
0.290848
0.334473
0.310244
0.194321
0.2717
0.445472
0.312832
0.394813
0.341917
0.449237
1.44129
0.327084
0.617985
0.522039
0.408544
0.350364
0.446545
0.354791
0.529874
0.331125
0.350546
1.02926
0.558406
0.78683
0.671227
0.387606
0.588534
0.341262
0.462849
0.361549
0.574985
0.27483
0.575412
0.507974
0.33444
0.584144
0.279553
0.534594
0.399142
0.629323
1.37158
0.733242
0.510017
0.743368
0.661918
0.376141
0.677905
0.538873
1.08833
0.653814
0.381026
0.571295
0.658418
1.39211
0.220084
0.854243
0.53162
0.551298
1.11448
0.368898
0.180864
0.805958
0.464985
0.367151
0.640425
0.737531
0.343743
0.257131
0.53608
0.364252
0.233553
0.623871
0.526926
0.403525
0.449309
0.39705
0.220348
0.431339
0.685299
0.331933
0.52312
0.18087
0.562371
0.346632
0.327461
0.523442
0.180332
0.463829
1.22899
0.460143
0.261018
0.815506
0.98517
0.335641
0.532068
0.672159
0.347333
0.481583
0.806788
0.426629
0.255555
0.540907
0.531525
0.649066
0.479449
0.369876
0.437723
0.943658
1.06217
0.705423
0.775451
0.489412
0.510508
0.431514
0.588439
0.559994
0.434848
0.344887
0.408518
0.535975
0.50217
0.6289
0.979235
0.687279
0.343143
0.709963
0.102954
0.894794
0.621651
0.544124
0.569563
0.714643
0.294825
0.47469
0.801627
0.399849
1.09161
0.645347
0.296421
0.371651
0.638619
0.589284
0.271273
0.563139
0.864242
0.495759
0.298472
0.278886
0.631101
0.314099
0.335933
0.4043
0.538407
0.678712
0.239947
0.425571
0.501658
0.40127
0.473947
0.864244
0.25928
0.425475
1.36364
0.548854
0.771443
0.598757
0.279277
0.365499
0.3545
0.845395
0.226047
0.58083
0.407448
0.364783
0.458909
1.38208
0.522887
0.555956
0.420638
0.338465
0.578004
0.674451
0.50021
0.755697
0.970723
0.346424
1.29612
0.566675
1.00441
0.577497
0.20084
0.631656
0.325642
0.587749
0.688201
0.461466
1.27391
0.660798
0.449997
0.792396
0.587043
0.915944
0.507733
0.35293
0.411803
0.56098
0.441091
0.158881
0.685085
0.206568
0.294209
0.457239
0.689872
0.37461
0.299428
0.273383
0.383708
0.613273
1.27694
0.355791
0.581
0.822791
0.505461
0.600017
0.686828
1.00833
1.06887
0.411585
0.303529
0.606738
0.483956
0.689808
0.571734
0.331512
1.10757
0.457939
0.343129
1.08667
0.345685
0.424419
0.688167
1.31834
0.251797
0.775809
0.366378
0.420424
0.564034
0.326546
0.459415
0.286216
0.459273
0.288092
0.306275
0.2663
0.315462
0.412594
0.552667
0.436723
0.205966
0.496731
0.8488
0.54788
0.51505
0.721944
0.442199
1.11768
0.719699
0.356482
0.533181
0.449592
0.399433
0.433791
1.04167
0.388143
0.149639
0.23575
0.302803
0.400925
0.650091
0.544642
0.417227
0.387569
0.499475
0.657184
0.472645
0.644925
0.320974
0.546293
0.641247
0.497163
0.731834
0.290887
0.421366
0.522936
1.38247
0.530554
0.388811
1.09257
0.709654
0.841166
0.544195
0.59268
0.991339
0.939627
0.266267
1.12714
0.591576
0.167861
0.362429
0.570466
0.530702
0.466686
0.698153
1.08653
0.584202
0.553613
0.739044
0.309713
0.633881
0.532585
0.549458
0.430799
0.500246
0.434761
0.5137
0.327407
0.3607
0.546863
0.703302
0.556719
0.43885
0.743934
0.750286
0.602016
0.27426
0.340618
0.423659
0.5618
1.13663
0.799299
0.337162
0.814874
0.551624
0.538636
0.758518
0.562817
0.87192
0.36846
0.702129
0.410856
0.7172
0.47656
0.786811
0.88992
0.465916
0.264275
0.612144
0.567314
0.986174
0.617812
0.284192
0.587936
0.29191
0.32333
0.211788
0.246007
0.44319
0.381831
0.617624
0.533976
0.583408
0.579259
0.584954
0.809839
0.543336
0.449696
0.368042
0.882481
0.240287
0.495764
0.931215
0.51365
0.243798
0.680042
0.521113
1.1254
0.913758
0.896177
1.62128
0.72662
0.401867
0.613423
0.882644
0.805485
0.351768
0.19661
0.635702
0.524646
0.212327
0.791949
0.291569
0.630273
0.323809
0.463925
0.714916
0.370053
0.475027
0.316707
0.377661
0.747343
0.683636
0.303932
0.827181
0.349919
1.01188
0.573109
1.23974
0.479146
0.408841
0.641187
0.706755
0.348213
0.363991
0.300968
0.66909
0.306262
0.688988
0.254231
0.530397
0.519373
0.509221
0.243292
0.292551
0.251249
0.566831
0.327959
0.212957
0.911887
0.531382
0.471554
0.754213
0.711908
0.990537
0.610466
0.374009
0.573639
0.878624
0.61479
0.687985
0.643405
0.337884
0.292292
0.523653
0.260354
0.621257
0.1319
1.35193
1.18551
0.899624
1.07344
0.415996
0.576901
1.57758
0.524393
0.534004
1.0084
1.15639
0.356945
0.422584
0.884534
0.799074
0.560742
0.3855
0.215834
0.661874
0.421115
0.221423
0.498081
0.335647
0.484383
0.4286
0.381845
0.340656
0.194856
0.44424
0.188165
0.526171
0.181396
0.366669
0.424129
0.28359
0.195939
0.191745
0.316175
0.657522
0.431593
0.20142
0.639181
0.375609
0.360673
0.427538
0.168161
0.148367
0.244052
0.297014
0.314332
0.320184
0.249665
0.132576
0.566394
0.223943
0.440111
0.245452
0.360759
0.290473
0.347463
0.348784
0.142014
0.281326
0.0717168
0.504439
0.491603
0.234824
0.717491
0.327387
0.378727
0.30775
0.436619
0.577212
0.40274
0.410697
0.387852
0.332941
0.482395
0.21726
0.678109
0.519466
0.280533
0.731502
0.730906
0.586049
0.58064
1.24062
0.480464
0.322593
0.713638
0.476513
0.34754
0.728543
0.986393
0.489705
0.334884
0.224581
0.221433
0.241343
0.179005
0.249086
0.395643
0.857373
0.169406
0.343903
0.265564
0.162946
0.267845
0.157098
0.238865
0.114351
0.208546
0.23815
0.25341
0.22925
0.164959
0.347058
0.163508
0.244591
0.308396
0.583763
0.356056
0.161381
0.368754
0.0839334
0.186963
0.561649
0.245685
0.334946
0.413607
0.28782
0.195112
0.345044
0.350033
0.228859
0.512003
0.277004
0.603884
0.239642
0.379852
0.398126
0.251677
0.29461
0.314229
0.316603
0.167944
0.33517
0.312701
0.427429
0.392531
0.284619
0.159683
0.339
0.185147
0.298797
0.131833
