1.0715
1.67323
1.17507
1.04659
1.01963
1.95499
1.02791
1.7234
0.746014
0.606956
0.63946
1.87091
3.21334
0.407873
1.19112
1.3594
1.43486
0.88984
1.66875
1.02773
1.23081
1.06201
2.58274
0.418865
2.05611
2.0293
0.705716
1.23449
1.58707
1.67902
1.54732
2.29119
1.01679
2.38619
1.97457
1.36868
1.00274
0.883171
1.47016
1.10082
2.68179
1.19608
0.282097
2.27125
1.10765
0.946712
3.89909
1.58745
0.67002
1.992
1.55986
3.54868
1.97836
0.780122
2.14072
1.08806
2.09319
1.76178
1.38727
5.05154
0.941862
0.566269
1.7596
1.03835
1.75638
1.51388
2.28789
2.15469
0.603397
1.38393
2.0953
0.984918
1.70273
1.43342
2.15944
2.05336
2.66086
0.904395
2.51284
3.30509
1.04604
1.1171
0.68837
1.01014
4.53631
1.71651
1.0746
0.843573
1.62918
0.861492
1.10611
1.19396
1.02095
1.41676
1.79178
1.1339
1.87346
0.838728
2.01656
1.42583
