0.0185801
0.0088246
0.0111116
0.0197576
0.0091008
0.0104821
0.0073588
0.0095647
0.0088757
0.0076389
0.0141028
0.013893
0.008597
0.0050277
0.0172883
0.0111647
0.0124333
0.0176738
0.0104
0.0079953
0.0059608
0.0064461
0.008161
0.0156379
0.0129802
0.0120945
0.0088674
0.0082366
0.0109192
0.0123416
0.0061226
0.003348
0.0076674
0.0078194
0.0063285
0.007009
0.0059471
0.0116189
0.0066531
0.0072837
0.0048782
0.0118212
0.0116648
0.0103145
0.0070372
0.0072183
0.0063406
0.0051761
0.0118648
0.0129248
0.0099117
0.009602
0.0077982
0.0033042
0.0158472
0.009948
0.0090012
0.0070984
0.0092754
0.0054469
0.0103034
0.010646
0.0246399
0.0084781
0.0051322
0.0049574
0.0113766
0.0101514
0.0065703
0.0077659
0.0103117
0.0060761
0.0137828
0.0091021
0.0096966
0.0058882
0.0071652
0.011645
0.0058079
0.0059806
0.0121157
0.0155977
0.0041292
0.0117365
0.0059004
0.008599
0.0101652
0.0080179
0.0130872
0.0057332
0.0051483
0.0139616
0.0080148
0.0118497
0.0104846
0.0114255
0.0065698
0.0056369
0.0082461
0.0057223
0.0115132
0.009143
0.0057211
0.0099895
0.0054695
0.003544
0.0114948
0.007854
0.0161635
0.0100074
0.0046199
0.0121542
0.0049372
0.0063146
0.0075344
0.0056099
0.0155492
0.0082175
0.0029848
0.0143835
0.0062474
0.0148538
0.0065845
0.0085022
0.0131624
0.0185723
0.0108142
0.0050176
0.0067823
0.0072242
0.0088176
0.0072065
0.0075799
0.0068426
0.0071709
0.0085884
0.0036816
0.0060914
0.0076807
0.010918
0.0080522
0.0031082
0.0098692
0.003798
0.0089374
0.0064788
0.0120692
0.0115513
0.0065618
0.005386
0.009054
0.0085559
0.0069247
0.0071027
0.0070004
0.006576
0.0052925
0.011057
0.0039749
0.005884
0.0078787
0.0073151
0.0106154
0.0066736
0.0086093
0.0101198
0.0109412
0.0140775
0.0062191
0.0045514
0.0117769
0.0120585
0.0054826
0.0106206
0.010861
0.0105126
0.0141568
0.006855
0.0034872
0.0059561
0.0071778
0.0076515
0.0089742
0.007353
0.0072239
0.0056373
0.0077849
0.0110674
0.0066554
0.006617
0.010999
0.0036764
0.0066349
0.014979
0.0074928
0.0056987
0.0178079
0.0087255
0.0064218
0.0067538
0.0063638
0.0053757
0.0076452
0.0067692
0.0062908
0.0098465
0.0089199
0.0075735
0.0062706
0.0103197
0.0035776
0.0061851
0.0057339
0.0066343
0.0108146
0.0072345
0.0056828
0.0068027
0.0120466
0.0057403
0.0086167
0.0079929
0.0119204
0.0049609
0.0061852
0.0067232
0.0122932
0.0089327
0.0068593
0.0079963
0.0088852
0.0109156
0.0140694
0.0055581
0.0117941
0.0081559
0.0082155
0.0105602
0.008828
0.0087477
0.0124643
0.0095604
0.0112569
0.0056467
0.006319
0.0046688
0.008444
0.0111695
0.0105043
0.011537
0.0091735
0.0085071
0.0191609
0.0107385
0.0097549
0.0070782
0.0160396
0.0068794
0.0094288
0.016428
0.0136762
0.0063482
0.0096324
0.0089678
0.0216621
0.0089639
0.0109641
0.0080383
0.007794
0.0088715
0.0082411
0.0100208
0.0106591
0.0117088
0.0098411
0.0061598
0.0084042
0.010791
0.0114539
0.0111267
0.014106
0.0141265
0.003407
0.0130345
0.0114896
0.0098283
0.0083871
0.0133194
0.0057264
0.0088261
0.0067927
0.0058185
0.0042444
0.0195905
0.008234
0.0087741
0.0074577
0.0064295
0.0077057
0.0050611
0.0089103
0.008173
0.0062288
0.0091171
0.0038319
0.0040264
0.0044284
0.0086527
0.0061977
0.0112653
0.00761
0.0049359
0.0039198
0.0100852
0.0101181
0.0131008
0.008929
0.0077117
0.0087061
0.0143146
0.0062572
0.0093446
0.0055498
0.0095008
0.0059876
0.0114231
0.0052217
0.0100592
0.0025978
0.0086141
0.0081019
0.0055272
0.0132016
0.0128834
0.0098917
0.0057916
0.0070233
0.0137577
0.0074061
0.0119677
0.011473
0.013306
0.0152666
0.0077021
0.0084392
0.0130138
0.015797
0.0151085
0.0106249
0.0133329
0.0221516
0.0080771
0.0075332
0.010666
0.0111685
0.0105916
0.0083024
0.010964
0.0057417
0.0127116
0.012178
0.0066387
0.0071286
0.0099622
0.0048265
0.0076814
0.0082639
0.005613
0.0060557
0.0070089
0.0069713
0.0054692
0.0093589
0.0055619
0.0085027
0.004916
0.0076159
0.0066888
0.0115167
0.006452
0.010968
0.0163814
0.0077844
0.0091602
0.0051854
0.0108479
0.0073757
0.0089574
0.0070373
0.007642
0.0122985
0.0078386
0.00942
0.0079516
0.0108033
0.0055295
0.0173055
0.0071241
0.0132164
0.0050581
0.008292
0.009087
0.0075869
0.0046968
0.01453
0.0083738
0.0052889
0.0044014
0.0089425
0.0076394
0.0088482
0.0126671
0.0094737
0.011653
0.0089546
0.0045746
0.0112366
0.0118425
0.0055214
0.0109083
0.0075421
0.0050894
0.0091865
0.009548
0.0074495
0.0048374
0.008269
0.0071373
0.0097133
0.0042908
0.0070211
0.0075212
0.0070022
0.0226337
0.0152253
0.0090291
0.0105744
0.0214827
0.0120982
0.0096789
0.0087545
0.009618
0.0121422
0.0056806
0.0070343
0.0048584
0.009594
0.0123055
0.0058493
0.0098279
0.0065142
0.0057445
0.0090182
0.0065627
0.0032568
0.0056456
0.0044075
0.0063206
0.0039972
0.0083182
0.0149086
0.0077061
0.0103511
0.003696
0.0115233
0.0064797
0.0131789
0.0083248
0.0139308
0.0137094
0.00689
0.0079955
0.0071301
0.0078879
0.0089451
0.0129311
0.0093477
0.0084154
0.0061975
0.0097999
0.0069126
0.0077134
0.0106131
0.0091632
0.0129396
0.01253
0.0076139
0.0097401
0.0081353
0.0260257
0.0283213
0.0099519
0.009041
0.0072797
0.0071524
0.0100796
0.0074453
0.0154331
0.0133869
0.0109614
0.0173956
0.0107451
0.0098906
0.0160181
0.013744
0.0132745
0.0085074
0.0052031
0.0101879
0.0079554
0.0129246
0.0099881
0.0196988
0.0120937
0.0089222
0.0107817
0.0071988
0.0101896
0.0134655
0.0176266
0.0028906
0.0084343
0.0066683
0.0068833
0.0107606
0.0048167
0.0070804
0.0113356
0.0085682
0.009329
0.0112892
0.0130881
0.0208117
0.0047084
0.0050592
0.0035942
0.0075046
0.0074481
0.0041239
0.0050623
0.0083006
0.0077819
0.0104524
0.0104791
0.0078663
0.010312
0.006655
0.0134295
0.0060354
0.0083177
0.0077877
0.0117518
0.009049
0.0118318
0.0115748
0.0091661
0.0159265
0.0108217
0.0054462
0.0171834
0.0069969
0.0122979
0.0088102
0.0097511
0.0106703
0.0072319
0.0080916
0.0054897
0.0111062
0.0052335
0.0155685
0.0059735
0.0085372
0.005987
0.0066668
0.006656
0.0076543
0.0080467
0.0102724
0.0057278
0.0080039
0.0088782
0.0055624
0.0162952
0.0271772
0.0140496
0.0113937
0.0124528
0.0174016
0.0050728
0.0142125
0.0052989
0.0121604
0.010469
0.0050695
0.0095491
0.0052998
0.0069078
0.0098283
0.0110041
0.0095491
0.0079427
0.0093956
0.0094471
0.0082217
0.0072844
0.0049032
0.0063898
0.0091409
0.0064509
0.0141766
0.0071711
0.0101775
0.0076481
0.0059562
0.0084431
0.0092882
0.0115573
0.0114429
0.010637
0.0041106
0.0083618
0.0183058
0.0111231
0.0077235
0.0059479
0.0058581
0.0059818
0.0083734
0.0053649
0.0047958
0.0143843
0.0070643
0.0111057
0.0109376
0.0074562
0.010857
0.008715
0.0057846
0.0077311
0.007009
0.0072542
0.0054331
0.0078752
0.0191226
0.0095533
0.0075595
0.011509
0.0078969
0.0090839
0.0100905
0.0101979
0.0059108
0.008941
0.0107119
0.0064173
0.0069939
0.00681
0.010743
0.0096625
0.0053275
0.014461
0.0057929
0.0105082
0.0061356
0.0089927
0.007684
0.0093557
0.0097241
0.0121779
0.0072212
0.0074896
0.0041129
0.0050992
0.0105407
0.0092792
0.007399
0.0060364
0.0093453
0.0053249
0.0119537
0.0077914
0.0093158
0.0046841
0.0117436
0.010367
0.0124641
0.0170416
0.0136961
0.0085881
0.0091926
0.01663
0.0218135
0.0026714
0.0058894
0.0096614
0.0112549
0.004835
0.0044789
0.0083416
0.0085332
0.0075273
0.0047476
0.0111393
0.0126041
0.0071682
0.0152214
0.0083506
0.014724
0.016455
0.0152481
0.0195768
0.0074754
0.0131003
0.0192921
0.0090681
0.0073088
0.0115245
0.0087272
0.0053714
0.0067409
0.0084269
0.009021
0.0075538
0.0052587
0.0088368
0.011192
0.0054994
0.0048455
0.0052735
0.006158
0.0114539
0.0053398
0.0136061
0.0084625
0.0070688
0.0115205
0.0060768
0.0067029
0.0141559
0.0097089
0.0088197
0.013843
0.0090323
0.0092152
0.012739
0.0040245
0.0072502
0.0168421
0.0051544
0.0099343
0.007842
0.0044138
0.0118808
0.0069919
0.0069896
0.0071808
0.008289
0.0111724
0.0063384
0.0092853
0.0050069
0.0061323
0.0119345
0.0151516
0.0088503
0.0116488
0.0079374
0.003482
0.0069775
0.0078169
0.0028554
0.0123767
0.0068627
0.0170612
0.0056814
0.0088486
0.0087157
0.0059319
0.0044493
0.008399
0.0064656
0.0067433
0.0072728
0.0020108
0.0067956
0.0066206
0.0075308
0.009555
0.0054913
0.0038813
0.0085608
0.0056099
0.0066775
0.0101703
0.0100852
0.0070041
0.0078726
0.0098363
0.0073868
0.0036673
0.0130235
0.0091717
0.008669
0.0078346
0.0056312
0.0065088
0.0110411
0.003075
0.0144472
0.0166329
0.0107219
0.0082067
0.0062161
0.005528
0.0118902
0.0091848
0.0048074
0.0068331
0.0059612
0.0067841
0.013415
0.0086075
0.0097033
0.0123997
0.0081664
0.006358
0.0050353
0.0036973
0.0086344
0.00989
0.0052431
0.0069167
0.0080108
0.0108729
0.0116466
0.0080477
0.0085177
0.0048275
0.0032768
0.0063767
0.0087837
0.0049065
0.0043717
0.0127128
0.0159988
0.0086765
0.0153328
0.0078956
0.0057625
0.0185051
0.0126934
0.0128373
0.0046854
0.0082198
0.008101
0.0097834
0.0094361
0.0084193
0.0091621
0.0059134
0.0066081
0.0062856
0.0079479
0.0079798
0.0109946
0.0115713
0.0035199
0.0088986
0.0093972
0.0084452
0.0054376
0.0037564
0.0086286
0.0111558
0.0069851
0.0074202
0.0100776
0.006755
0.010627
0.0071821
0.0067299
0.0096819
0.0102911
0.0058461
0.0102849
0.0048897
0.0067288
0.0078966
0.0041102
0.0061937
0.0122278
0.0047297
0.0079402
0.0150265
0.0095407
0.0053743
0.0034551
0.0068957
0.0100597
0.0073003
0.0033849
0.0065739
0.0078679
0.0037007
0.0089299
0.0097173
0.0051693
0.0083214
0.0122783
0.0088728
0.0076438
0.0118038
0.0071176
0.009358
0.0062519
0.0039849
0.0070061
0.0093156
0.0068384
0.0098594
0.0059432
0.0082333
0.005459
0.0086306
0.0126145
0.0029675
0.0086744
0.0053482
0.0095866
0.0106645
0.0071802
0.0116816
0.0088692
0.007644
0.0122608
0.0046039
0.017515
0.0062131
0.0100701
0.0065338
0.0140042
0.0088676
0.004887
0.0054923
0.0061469
0.0156323
0.0074599
0.0131575
0.0140628
0.0085646
0.0147651
0.007265
0.0090465
0.0106603
0.0070394
0.0121848
0.0077691
0.0098376
0.0071019
0.0061602
0.0033246
0.0124352
0.0046029
0.0098816
0.0069134
0.0137517
0.0073911
0.0069906
0.0151154
0.0135704
0.0047419
0.0127
0.0064166
0.0113337
0.0138667
0.0088586
0.0070976
0.010507
0.0083262
0.0112424
0.0070214
0.004486
0.0089143
0.0167686
0.009396
0.0056515
0.0103328
0.0131581
0.0105594
0.0072555
0.0147651
0.0115721
0.0112334
0.0085312
0.0043791
0.004989
0.0047368
0.0050601
0.0099224
