0.0521931
0.0511679
0.0483186
0.0339299
0.131376
0.0593879
0.099385
0.0605364
0.116672
0.0701383
0.0781736
0.0668345
0.0715956
0.11607
0.0506135
0.0639058
0.095133
0.0984998
0.0675198
0.0333552
0.0530134
0.0720215
0.153528
0.0948516
0.0389494
0.0694379
0.061925
0.0650063
0.0679556
0.0906827
0.0738145
0.030289
0.0603301
0.112721
0.0771603
0.0531418
0.121446
0.0839445
0.0466172
0.0331997
0.0423845
0.0442441
0.0646091
0.0902028
0.0819856
0.135192
0.139431
0.0511934
0.0378021
0.0523469
0.112911
0.170773
0.0843272
0.114306
0.0787816
0.0745084
0.0488398
0.0637193
0.0849032
0.0781365
0.0348803
0.0542489
0.057054
0.0913549
0.0707948
0.0697386
0.0806161
0.0728635
0.0728676
0.0803219
0.0541338
0.0773612
0.0848817
0.102564
0.0622643
0.0734068
0.0426938
0.0716018
0.072134
0.0634374
0.0891885
0.0426048
0.0580702
0.101286
0.0603327
0.0999712
0.0555866
0.0572405
0.0725503
0.0299041
0.0350288
0.046883
0.0813967
0.0313068
0.0854791
0.165809
0.0906861
0.0697032
0.0593396
0.062605
